12.0 6423.0 236.0 9999.9999
32.0 236532.0 2353.0 9999.9999
6.0 34634.0 346.0 9999.9999
35.0 6236.0 64.0 9999.9999
835.0 47643.0 443.0 9999.9999
8.0 5454.0 7.0 9999.9999
2.0 956.0 68.0 9999.9999
4.0 78347.0 43.0 9999.9999
7.0 935.0 7345.0 9999.9999
573.0 436346.0 34.0 9999.9999
7.0 47.0 4.0 9999.9999
873.0 4757.0 43.0 9999.9999
473434.0 476348.0 4.0 9999.9999
7.0 537.0 35.0 9999.9999
83.0 9247.0 538.0 9999.9999
648.0 7535.0 84.0 9999.9999
436.0 3476.0 443.0 9999.9999
634.0 435345.0 3465.0 9999.9999
15.0 17842.0 840.0 9999.9999
15.0 17842.0 840.0 9999.9999
63.0 352353.0 523.0 9999.9999
6.0 33.0 3.0 9999.9999
632.0 3245.0 32.0 9999.9999
623.0 3532.0 3.0 9999.9999
111111.0 532523.0 6235.0 9999.9999
11.0 35315.0 35.0 9999.9999
57.0 54783.0 575.0 9999.9999
5473.0 634634.0 3465.0 9999.9999
84.0 684678.0 45.0 9999.9999
4361.0 5395.0 353.0 9999.9999
5983.0 35783.0 57.0 9999.9999
2748.0 58358.0 466.0 9999.9999
93.0 742.0 46.0 9999.9999
823.0 46247.0 5375.0 9999.9999
53.0 53737.0 5375.0 9999.9999
894.0 647843.0 68.0 9999.9999
858.0 665834.0 6348.0 9999.9999
8357.0 585378.0 96964.0 9999.9999
6432.0 743957.0 53.0 9999.9999
57.0 964.0 6.0 9999.9999
64.0 6496.0 64.0 9999.9999
9643.0 69469.0 864.0 9999.9999
686.0 80363.0 853.0 9999.9999
9.0 569.0 55.0 9999.9999
264.0 75457.0 424.0 9999.9999
854.0 84587.0 45.0 9999.9999
457.0 28447.0 24.0 9999.9999
8953.0 358234.0 64224.0 9999.9999
74.0 247.0 246.0 9999.9999
